25
308
593
627
689
736
737
752
856
1014
1140
1164
1203
1466
2154
2242
2861
3049
3138
3352
3363
3364
3383
3410
3433
3717
3778
3788
3850
3973
3986
4246
4388
4431
4642
4695
5177
5247
5309
5363
5377
5399
5405
5407
5416
5689
5695
5785
5823
5921
5987
6046
6088
6429
6675
6678
6690
6784
6886
7089
7283
7485
7548
7818
7885
7930
7959
7984
8072
8088
8221
8244
8363
8376
8389
8560
8683
9079
9223
9228
9236
9239
9252
9262
9279
9317
9472
9550
9630
9649
9663
9738
9739
9897
10363
10374
10406
10635
10646
10828
10843
10885
11042
11064
11121
11127
11162
11545
11600
11657
11826
11846
11866
11867
11884
11921
11984
11985
12229
12240
12432
12514
12569
12581
13443
13774
13811
13831
14004
14233
14276
14313
14361
14423
14533
14539
14543
14559
14810
15004
15012
15041
15172
15176
15573
15606
15624
15658
15739
15928
16203
16275
16369
17503
17524
17547
17626
17727
17739
17747
17867
17939
18094
18110
18130
18178
18362
18393
18839
18856
18879
18890
18957
18987
19012
19356
19372
19378
19379
19528
19541
19641
19685
19714
19877
19881
20062
20076
20171
20347
20572
20580
21001
21073
21186
21274
21494
21627
21650
21690
21754
21830
22093
22131
22194
22326
22546
22614
22667
22770
22921
22926
22986
23195
23203
23235
23267
23315
23316
23529
23604
23626
23627
23659
24077
24109
24113
24145
24203
24373
24388
24389
24438
24624
24702
24768
24864
24893
24951
25042
25079
25080
25101
25142
25277
25381
25382
25412
25414
25421
25423
25524
25613
25614
25755
25781
25784
26202
26437
26678
26691
26700
26751
26764
26783
26787
26825
26826
26847
26873
26932
26994
27114
27178
27318
27546
27661
27667
27712
27743
27834
27978
27979
27992
28022
28151
28207
28297
28307
28368
28561
28582
28682
28830
29174
29607
29678
29778
29789
29810
29816
29831
29833
29840
29920
29945
29969
30003
30010
30012
30040
30042
30077
30128
30282
30309
30555
30636
30677
30967
31043
31287
31591
31600
31653
31717
31756
31769
31880
32021
32047
32070
32087
32113
32212
32310
32361
32374
32410
32441
32476
32573
32587
32893
32961
32977
33057
33139
33158
33183
33306
33496
33509
33516
33538
33583
33645
33702
33777
33898
34258
34341
34392
34509
36517
36808
36937
36968
36969
37080
37196
37235
37274
37338
37402
37585
37653
37674
37694
38180
38221
38284
38407
38428
38431
38483
38518
38534
38539
38714
38776
38940
39127
39206
39237
39438
40484
40630
41440
41684
42048
42069
42295
42317
42446
42719
43081
43254
43508
43613
43854
43975
44312
44723
44760
44785
45281
45353
45599
45728
46029
46252
46313
46396
46621
46770
47088
47139
47353
47512
47515
47768
47796
47921
48097
48212
48626
48778
48830
48934
49121
49404
49728
49733
49899
49901
50020
50100
50449
50711
51138
51462
51490
51685
51862
51885
52124
52234
52328
52625
52648
52726
52797
52812
52948
52987
53207
53838
53846
53849
54114
55097
55313
55526
55602
55697
56285
56435
56444
56522
57321
57349
57969
58070
58593
58617
58790
59252
59467
59861
60679
60857
60883
61164
61950
62027
62028
62784
63089
63121
63176
63216
63394
64959
65228
65758
65899
66220
66730
67193
67500
68672
68753
68761
68768
69304
69309
69495
69893
69894
70157
71537
71691
71925
72197
72339
72487
73165
73231
75150
75458
76176
77538
77697
77795
77819
79432
79673
80381
82425
83168
83430
83441
83449
83859
84303
87893
88160
89847
90138
92357
92943
93489
94154
96637
99961
101846
102226
102883
102959
103661
103958
105070
108956
110381
113023
113258
113509
113604
118450
128987
130495
130918
134233
140801
142238
142510
142910
143169
143184
143294
143854
144219
144716
146072
147143
147313
147687
147871
147885
147952
148131
148881
149411
149861
151604
151916
152640
153398
154450
155134
155698
155747
156540
156541
156547
156702
156992
158015
158332
158705
159031
159472
159855
160483
161744
161999
163103
163390
164079
164226
166035
166202
167079
167334
167897
168244
169407
170346
170586
170638
170653
170691
170717
171001
171055
171156
172121
173070
175184
175502
177153
178771
180546
180557
181586
181592
183403
185041
185337
186266
187291
187479
187586
187886
187946
188171
188258
188641
188874
189037
191253
192617
192727
195130
195533
197241
198584
199661
200085
201503
202898
206119
206583
207567
208356
208463
211295
212818
216180
216355
217472
219599
220533
222859
226675
228569
229060
229723
232176
232495
232963
234206
234796
234801
235534
235562
235757
236591
236918
236975
239038
240410
241267
243391
244098
246007
249429
250437
251573
251647
252976
255991
256384
256702
259082
261925
263859
264117
265567
265752
267824
270673
272207
273285
273319
276167
276495
277315
279684
283965
285141
288379
289862
294813
295079
297236
297724
304113
305854
308242
310240
314993
319888
321159
323777
329948
332730
339686
342324
344966
347105
348300
350900
351810
352169
355343
357543
364338
366439
367725
371370
377116
379472
379559
379591
382507
383052
387230
400199
402653
406859
421853
424739
428105
428966
429680
432459
432986
437724
447699
452981
454746
463313
464907
470666
471845
471981
473412
475153
478364
478435
496028
498104
504897
507190
507970
513356
519280
528282
534366
534478
538779
553883
558685
560876
571346
571753
577444
577742
580039
586840
595284
595535
600368
604727
605077
605856
619694
621455
639924
642597
645042
648277
649702
682482
690278
696946
714765
721637
721696
730219
743068
748853
755279
782290
787971
797714
805953
811339
840273
850663
853744
873021
888207
893141
894013
917917
936385
951407
951839
963078
978916
988407
988516
994887
997743
999772
1021673
1034453
1036259
1045999
1053447
1056700
1058750
1070221
1092923
1095706
1136363
1137058
1139893
1176679
1177026
1178458
1190375
1204666
1212163
1267494
1268475
1273596
1274254
1279960
1292361
1305348
1383673
1401555
1410785
1417321
1423299
1438533
1449800
1449866
1481886
1532027
1536068
1560005
1566682
1605200
1629728
1636042
1638128
1645976
1673495
1685851
1688466
1696008
1700192
1720678
1723133
1752402
1763434
1769180
1778796
1780035
1795886
1814822
1850410
1866009
1890505
1897833
1909364
1921010
1938889
1946204
1948985
2003680
2012072
2018731
2038248
2041117
2081141
2108080
2110323
2120866
2123567
2162364
2172695
2209462
2213088
2233309
2249360
2252141
2277450
2287280
2298740
2358693
2380097
2410234
2417230
2424169
2441521
2447556
2477490
2562517
2615985
2633667
2681261
2769677
2815151
2864295
2872345
2907486
2917649
2996056
3070637
3106444
3225498
3319354
3349146
3418152
3434750
3488351
3501859
3524194
3524381
3524766
3528209
3715646
3717940
3729225
3730964
3736784
3741372
3743315
3831118
3856708
3867731
3873637
3966054
4059023
4095460
4100885
4126896
4132613
4182449
4207510
4269567
4273140
4310106
4355398
4370583
4411216
4427143
4518860
4576465
4580717
4689264
4699587
4730252
4765530
4814950
4863325
4918223
4997093
5027586
5029152
5042765
5042916
5042951
5043324
5043734
5058690
5079506
5098574
5121584
5166327
5258231
5299337
5334607
5417956
5483754
5519593
5575722
5587977
5614303
5679830
5769197
5843419
5897742
6037917
6104251
6111413
6639133
6814294
6990716
7038717
7370704
7445875
7515285
7515928
7515964
7529378
7533616
7613753
7651928
7731295
7746616
7802204
7878457
7988697
8028602
8136524
8252065
8286675
8443968
8507183
8536948
8569916
8611899
8719577
8841749
8861328
8975473
8983183
9071713
9115695
9132519
9209651
9282173
9293603
9988187
10192890
10341394
10401954
10447140
10538683
10711313
10764950
10772350
10791746
10900088
11014498
11015826
11065202
11178261
11388236
11415141
11649034
11659396
11749910
11963466
12178732
12610483
12770260
13015878
13018310
13139487
13311819
13461081
13519542
13673345
13692155
13698942
13790533
13947297
13962606
14148802
14303249
14347391
14546175
14640471
14850094
14995351
15104305
15105978
15110882
15144019
15157915
15179951
15368428
15822899
15921243
16179920
16296783
16301990
16315657
16396949
16454230
16614413
16831059
16861908
16888425
17058007
17157119
17158563
17253537
17322701
17416342
17491404
17599355
17932449
17959422
17969165
18055330
18247421
18309966
18337522
18383702
18404191
18413531
18457137
18468646
18567040
18581264
18589377
18603746
18619244
18622193
18691665
18717338
18723138
18767391
18834674
18841893
18842088
18842281
18842359
18868131
18912922
18933066
18934994
18935732
18935758
18945847
18948043
18949461
18949668
18950900
18955875
18956035
18963870
18973622
18978563
18985040
18985062
18993927
18994087
18994221
18994400
18998750
19005769
19006979
19008450
19019270
19150105
19159508
19166474
19167553
19167679
19196010
19196523
19280734
19328052
19333662
19337279
19360669
19372783
19382933
19394651
19404136
19508643
19515908
19568112
19576874
19593167
19620261
19644137
19651298
19673093
19723734
19792942
19828134
19891556
20082093
20111084
20124563
20550772
20557129
20603877
20611504
20646803
20646971
20647050
20781999
20819040
20903181
20903424
20913753
20913771
21068988
21076839
21169538
21208200
21244096
21244265
21280496
21282020
21282070
21291954
21299730
21304364
21338090
21401843
21463614
21466444
21467210
21504091
21514028
21538438
21555729
21585668
21717008
21838352
21883824
22026933
22036358
22469831
22499522
22688021
22754875
23060030
23121598
23210314
23385833
23604120
23624190
23680998
23692256
23713433
23797577
23818959
23965624
24189482
24297671
24372462
24408333
24462958
24536042
24559410
25039021
25057845
25778403
25788953
25955086
25970423
26051975
26143597
26146987
26511011
26600080
26707604
26744396
26890887
26896036
26997138
27175407
27286092
27485911
27702280
27876656
28134939
28483859
28891844
28952356
29056942
29212753
29365491
29529665
29736794
30407971
30411478
30444181
30725139
30864663
30874281
30874303
31217535
31627030
31871745
32402094
32958688
33240143
33660916
34056103
34327569
34568264
34866762
34873332
34931824
35444923
36299953
36307162
36308326
36308474
36311687
36315771
36324905
36325088
36325402
36326141
36327806
36334641
36336380
36353795
36361976
36371261
36372559
36398950
36398951
36400190
36403973
36410356
36424835
36425756
36427636
36451637
36461741
36468103
36476827
36477331
36477695
36479662
36482590
36484013
36484299
36484615
36484879
36495820
36496776
36497900
36499451
36499525
36499993
36503007
36536493
36537549
36537798
36561022
36570264
36582688
36623303
36634624
36938985
36970433
36987843
37085045
