25
303
308
593
624
627
689
698
736
737
740
752
765
772
800
803
844
849
856
863
874
904
914
922
1014
1022
1064
1134
1140
1164
1203
1242
1338
1400
1466
1805
1845
1890
1921
1942
1980
1998
2032
2154
2242
2431
2500
2593
2594
2861
2963
2965
3049
3052
3138
3338
3352
3354
3356
3363
3364
3383
3390
3392
3395
3397
3401
3410
3433
3708
3717
3747
3757
3778
3788
3802
3807
3850
3916
3973
3985
3986
3997
4035
4092
4099
4116
4147
4230
4243
4246
4335
4379
4388
4391
4400
4431
4482
4487
4502
4531
4543
4545
4642
4654
4695
4721
4745
4805
4822
5134
5177
5180
5185
5211
5215
5218
5222
5247
5253
5278
5309
5311
5355
5363
5377
5399
5405
5407
5416
5530
5551
5638
5658
5664
5665
5689
5695
5734
5735
5751
5760
5783
5785
5813
5823
5865
5902
5921
5928
5987
5999
6021
6036
6046
6088
6109
6207
6220
6231
6258
6321
6325
6340
6423
6429
6449
6512
6583
6597
6670
6675
6678
6690
6700
6749
6784
6886
6947
6978
7077
7089
7218
7283
7294
7398
7485
7548
7587
7599
7610
7673
7677
7701
7770
7818
7885
7930
7950
7952
7955
7959
7966
7976
7984
8005
8013
8072
8082
8088
8100
8133
8134
8137
8221
8244
8271
8276
8301
8311
8363
8376
8389
8398
8449
8460
8504
8522
8531
8533
8539
8544
8560
8683
8687
8733
8900
9061
9079
9105
9223
9228
9236
9239
9251
9252
9253
9262
9279
9288
9317
9325
9418
9426
9457
9472
9532
9540
9550
9602
9611
9630
9649
9663
9738
9739
9804
9845
9892
9896
9897
10048
10055
10113
10158
10192
10223
10263
10363
10374
10406
10501
10515
10553
10568
10577
10591
10597
10623
10635
10646
10668
10671
10775
10778
10828
10830
10835
10843
10885
10902
10916
11042
11054
11064
11121
11127
11145
11162
11175
11185
11227
11240
11258
11299
11315
11319
11447
11492
11542
11545
11582
11600
11657
11702
11826
11846
11866
11867
11884
11891
11921
11924
11968
11984
11985
12017
12067
12212
12229
12239
12240
12266
12293
12339
12383
12432
12436
12460
12491
12492
12493
12514
12542
12546
12569
12570
12581
12616
12627
12667
12701
12730
12799
12806
12855
12898
13080
13135
13191
13208
13270
13275
13279
13371
13393
13404
13443
13450
13451
13519
13590
13645
13677
13706
13774
13777
13782
13802
13811
13831
13834
13913
13930
14004
14084
14109
14233
14276
14313
14361
14412
14423
14532
14533
14539
14543
14559
14579
14607
14617
14653
14734
14751
14784
14800
14810
14836
14849
14892
14946
14958
14986
15004
15012
15022
15041
15043
15150
15172
15176
15187
15215
15251
15292
15340
15416
15428
15496
15573
15604
15606
15624
15658
15660
15739
15928
16083
16175
16203
16267
16275
16369
16379
16619
16622
16716
16793
16846
16854
16864
17123
17454
17503
17524
17541
17547
17616
17617
17626
17727
17730
17739
17747
17771
17845
17846
17867
17939
18062
18071
18081
18094
18110
18130
18178
18290
18320
18362
18393
18456
18488
18499
18522
18524
18646
18831
18836
18839
18856
18858
18859
18862
18878
18879
18890
18940
18947
18957
18987
19001
19012
19022
19050
19159
19192
19291
19312
19318
19323
19356
19372
19376
19378
19379
19528
19541
19555
19577
19590
19641
19673
19685
19714
19728
19876
19877
19881
19961
19978
20062
20076
20167
20171
20180
20206
20264
20287
20347
20354
20420
20455
20518
20572
20580
20640
20769
20947
20948
21001
21073
21148
21151
21186
21211
21212
21216
21231
21238
21241
21245
21273
21274
21383
21433
21488
21494
21525
21559
21560
21627
21648
21650
21675
21690
21694
21703
21748
21754
21780
21785
21809
21830
21854
22018
22093
22131
22153
22194
22199
22303
22326
22334
22348
22478
22489
22546
22573
22576
22614
22647
22649
22667
22770
22794
22807
22841
22915
22921
22926
22934
22936
22939
22954
22986
22989
23004
23014
23034
23037
23195
23203
23209
23235
23267
23287
23294
23315
23316
23324
23332
23340
23440
23501
23529
23604
23619
23626
23627
23634
23639
23659
23665
23776
23871
23995
23996
24022
24042
24077
24093
24107
24109
24110
24113
24131
24145
24150
24203
24209
24236
24373
24388
24389
24406
24438
24508
24530
24552
24578
24624
24661
24702
24743
24768
24805
24864
24872
24893
24899
24931
24951
24973
25008
25009
25042
25079
25080
25084
25101
25142
25199
25204
25217
25231
25277
25381
25382
25391
25412
25414
25421
25423
25432
25433
25447
25473
25524
25597
25613
25614
25676
25715
25734
25745
25755
25781
25784
25825
25897
25949
25964
26032
26094
26202
26277
26380
26437
26471
26495
26537
26573
26667
26678
26685
26691
26700
26714
26750
26751
26764
26769
26779
26783
26787
26791
26805
26825
26826
26833
26847
26861
26866
26873
26897
26932
26994
26997
27001
27009
27061
27114
27117
27119
27159
27165
27178
27181
27318
27546
27661
27667
27684
27694
27712
27743
27790
27834
27978
27979
27992
27999
28022
28034
28151
28198
28207
28208
28271
28296
28297
28307
28368
28381
28387
28489
28492
28495
28504
28561
28582
28661
28682
28729
28748
28830
28869
29004
29174
29370
29392
29473
29480
29607
29664
29678
29773
29778
29789
29810
29816
29831
29833
29838
29840
29920
29922
29945
29969
29985
30003
30007
30010
30012
30028
30040
30042
30043
30057
30067
30077
30128
30269
30282
30297
30305
30309
30318
30365
30367
30395
30555
30598
30635
30636
30677
30680
30696
30733
30746
30770
30808
30809
30967
31043
31056
31092
31185
31217
31287
31365
31453
31456
31529
31591
31600
31644
31653
31717
31737
31740
31741
31742
31756
31769
31771
31816
31843
31880
32021
32022
32031
32047
32070
32073
32087
32113
32212
32223
32277
32304
32310
32361
32362
32374
32375
32388
32410
32413
32427
32432
32441
32473
32476
32512
32573
32587
32591
32623
32653
32706
32787
32893
32897
32927
32961
32977
33057
33139
33153
33158
33173
33183
33265
33306
33496
33509
33516
33538
33550
33583
33596
33645
33673
33702
33777
33898
33931
33978
34035
34061
34197
34258
34341
34392
34411
34509
34557
36517
36581
36787
36806
36808
36858
36896
36922
36937
36968
36969
36979
36984
37080
37085
37135
37196
37235
37274
37338
37398
37402
37512
37575
37585
37618
37653
37673
37674
37694
37735
37738
37751
37756
37948
37993
38076
38165
38180
38221
38284
38286
38301
38310
38323
38390
38393
38407
38428
38431
38481
38483
38518
38534
38539
38579
38714
38776
38791
38902
38930
38940
39127
39206
39208
39237
39389
39438
39616
39747
40147
40353
40412
40484
40630
40909
41118
41415
41440
41515
41523
41684
41916
41932
42010
42048
42069
42076
42139
42295
42317
42445
42446
42719
43081
43236
43254
43421
43427
43460
43508
43564
43613
43851
43854
43866
43945
43975
44312
44421
44593
44677
44719
44723
44760
44785
45086
45178
45249
45281
45346
45353
45470
45479
45547
45599
45728
45995
46023
46029
46053
46112
46183
46252
46253
46262
46310
46313
46396
46433
46461
46510
46539
46621
46770
46789
47088
47089
47139
47293
47309
47353
47361
47384
47512
47515
47628
47702
47737
47768
47796
47877
47921
47923
48055
48097
48146
48203
48212
48218
48338
48489
48548
48557
48607
48626
48768
48778
48830
48874
48934
49121
49132
49220
49400
49404
49547
49604
49658
49728
49733
49842
49899
49901
50020
50021
50100
50250
50387
50399
50449
50469
50548
50711
50715
50798
50873
50956
51138
51320
51462
51490
51510
51582
51685
51746
51862
51885
51892
52041
52106
52107
52113
52124
52234
52272
52328
52382
52401
52563
52625
52634
52648
52726
52742
52780
52786
52797
52812
52888
52948
52987
52993
53017
53117
53207
53231
53234
53274
53430
53469
53472
53509
53667
53707
53838
53842
53846
53849
53951
53974
54114
54205
54229
54849
54929
55097
55289
55309
55313
55336
55526
55551
55557
55602
55697
55866
55872
55959
55999
56120
56231
56285
56435
56444
56522
56615
57144
57321
57349
57559
57568
57654
57969
57993
58070
58164
58236
58353
58422
58593
58617
58666
58688
58790
59126
59173
59252
59467
59564
59787
59790
59861
60094
60644
60679
60737
60857
60883
61103
61164
61230
61260
61344
61912
61949
61950
62027
62028
62450
62676
62784
62866
62912
62984
63082
63089
63121
63176
63216
63355
63394
63778
63973
63995
64105
64646
64959
64971
64976
65071
65119
65178
65228
65758
65880
65886
65899
65955
66220
66254
66313
66540
66728
66730
66788
66881
66890
66921
66936
66981
67193
67500
67554
67898
67922
68301
68351
68672
68736
68753
68761
68768
69304
69309
69328
69415
69495
69720
69880
69893
69894
70157
70174
70318
70348
71440
71469
71537
71691
71925
71966
72197
72339
72487
72852
72895
73165
73231
73298
74093
74225
74555
74677
74700
74711
74844
75129
75150
75458
75469
75696
75807
75827
76176
76762
77182
77432
77538
77697
77795
77799
77819
77877
78056
79432
79673
80018
80103
80381
80750
81682
82176
82330
82425
82789
82974
83019
83139
83168
83427
83430
83441
83449
83597
83859
83933
84239
84303
84317
84632
85232
85423
85629
86260
86368
87179
87231
87328
87893
87985
88160
88324
88382
89313
89516
89775
89847
90138
90267
90317
90451
90469
90682
91420
92357
92656
92693
92943
92945
92995
93489
93495
94154
95170
95673
96637
97778
97845
98066
98991
99328
99860
99961
100089
100245
100368
100462
100582
100627
101146
101846
101922
102096
102226
102538
102883
102959
103067
103191
103661
103958
105004
105070
105796
105872
106238
106362
108956
110381
112274
113012
113023
113147
113258
113509
113519
113579
113604
118450
122389
123427
123451
125293
125296
127859
128987
130495
130918
133824
134233
136566
140801
142056
142238
142464
142510
142910
143169
143184
143294
143854
144089
144219
144647
144716
144804
145439
145443
145804
146072
146230
146699
146719
146764
146879
147101
147143
147253
147313
147687
147699
147782
147871
147885
147952
148131
148363
148537
148881
148898
149411
149422
149536
149743
149861
149920
149973
150037
150389
150497
151604
151799
151916
152640
152735
152827
152835
153023
153149
153237
153398
153895
153928
154170
154450
154698
155134
155434
155526
155698
155747
156101
156423
156540
156541
156547
156702
156746
156992
156999
157598
157901
158015
158332
158555
158705
159031
159266
159421
159472
159846
159855
160483
160793
160843
161228
161316
161356
161515
161744
161973
161979
161999
162110
162173
162297
162647
162707
162870
163103
163115
163390
164079
164226
164328
164671
164887
165128
165794
165824
166017
166029
166035
166202
166784
166959
167079
167131
167241
167316
167331
167334
167391
167396
167740
167802
167897
167936
168244
168387
168540
169131
169208
169376
169407
169409
170029
170318
170346
170522
170567
170586
170638
170653
170691
170717
170722
170770
170803
171001
171055
171156
171166
171782
172120
172121
172350
172717
173070
173088
173191
173351
173354
173759
173900
174158
174395
174521
174579
175184
175502
175537
175730
177052
177153
177163
177181
177193
177383
177428
177602
177845
177912
178771
179242
179375
179553
179578
179683
180046
180279
180366
180534
180546
180557
181293
181296
181347
181586
181592
182053
183015
183403
183515
183895
184334
184764
185041
185337
186266
186932
187246
187274
187291
187479
187557
187586
187886
187946
188166
188171
188258
188307
188386
188506
188543
188641
188874
189037
190041
190919
190933
190995
191253
191537
191574
191884
192617
192727
193178
193243
193513
194613
194731
194904
195130
195149
195533
196327
196510
196974
197241
197394
197451
198153
198512
198584
198824
198970
199023
199065
199264
199661
199884
200085
201503
201936
202354
202898
205075
205135
205662
206119
206365
206509
206583
207567
208356
208463
209005
209811
210469
210472
210892
211103
211183
211295
211583
212126
212645
212818
213897
215257
215554
215566
215567
215619
215864
215891
216180
216313
216355
216531
217067
217324
217387
217472
217474
218232
218407
218449
219599
220414
220533
220841
220901
221220
222292
222745
222783
222859
223225
223441
223979
224515
226158
226675
226804
227107
227672
227687
228005
228012
228040
228344
228569
228592
228744
229060
229072
229116
229723
231001
231284
231623
231676
231943
232176
232495
232963
233082
233373
234206
234226
234340
234751
234796
234798
234801
234984
235363
235534
235562
235688
235757
236387
236591
236722
236918
236975
237274
238682
239038
239196
239217
239863
240028
240235
240401
240410
240468
241267
241554
242649
242855
243391
243454
244098
244219
246007
246042
246991
247107
247817
248001
248581
248932
249429
250437
251573
251647
252200
252712
252905
252976
253538
254515
254675
254769
254878
255426
255710
255991
256015
256349
256384
256411
256702
259082
259338
260979
261150
261177
261925
262577
262676
263859
264117
265567
265752
266137
267824
269496
269523
270673
271126
272134
272207
273285
273319
275247
275574
275882
276167
276495
276931
277315
279350
279684
280988
282450
283965
285141
288138
288140
288379
289505
289862
290328
290809
291518
291734
294015
294091
294237
294515
294813
294833
295032
295079
295988
296328
297236
297724
298221
298232
298884
299609
300148
300602
301257
303261
303330
304097
304113
304875
305854
306291
306308
306326
307465
307834
308242
309492
309754
310240
312506
314993
314994
315794
316532
316918
317328
317501
319442
319659
319762
319888
321159
321365
321416
321943
322221
323777
325329
326123
326512
326833
327443
327636
327806
327871
329862
329948
330217
331066
332254
332712
332730
334146
334507
334803
337220
337689
338154
338825
339183
339686
339769
340219
341598
341658
341903
342324
342977
344966
346628
347105
348300
350900
350939
351220
351227
351810
352169
355011
355343
355849
357543
358236
359551
359646
360101
360918
362662
362859
364338
365930
366439
367725
368513
369978
370192
370432
370815
370882
371370
373805
375091
377116
378010
378695
379472
379559
379591
380286
382507
383052
383367
384601
387230
387721
390677
391167
394868
396572
398356
400199
402653
404726
406264
406703
406792
406859
407127
407326
407686
407950
415156
418334
418944
419460
420972
421853
422994
424739
424899
426334
426504
427097
427723
428002
428105
428681
428966
429081
429680
429889
430631
432006
432459
432986
433079
433425
436111
437090
437724
437868
439613
440273
440579
445959
447699
449612
449826
449913
450647
450703
451914
451919
451995
452981
454746
460615
462839
463026
463313
463734
464273
464907
464961
466217
466664
467964
468997
469008
469691
470666
471603
471845
471981
472505
473412
474172
474275
474404
475153
475945
477069
477822
478364
478435
478673
479132
484030
484939
489674
490201
490620
490783
491696
492475
492476
492481
492820
493247
494675
496028
498104
498246
502038
502488
504897
505605
505892
507190
507970
509409
509748
511556
512662
513246
513356
515115
515534
516154
516324
517809
519280
519775
520401
521177
521267
521555
521564
524024
524350
526101
528282
533170
533482
534366
534478
538425
538779
538871
539568
540333
541239
542306
545607
549212
550443
552168
553883
554281
555643
555881
555884
556699
557913
558685
559297
560876
562907
564056
564821
566821
569005
569138
571346
571753
572511
572684
573174
574821
575059
577444
577742
579327
580039
581933
582180
583311
585172
585199
586840
594043
594388
594850
595284
595535
597450
600368
600792
604028
604727
605077
605541
605856
608760
609006
610452
613629
615670
619694
621455
625404
626514
626967
635490
638229
638369
638903
639924
640399
642267
642597
643521
645042
648277
648470
649702
650327
654611
656307
661989
665172
666301
667206
679878
679948
682482
684040
689457
690278
690345
696946
703190
703758
704478
706020
706577
714699
714765
717016
717591
721637
721696
725182
728821
730219
731893
732989
735092
739237
743067
743068
747934
748853
755279
758833
759519
766683
768413
769705
770279
771717
772405
775985
777042
782290
782824
787971
791483
791921
797714
798551
804238
805953
806023
810266
811339
816214
816266
825977
829828
837167
839943
840273
843119
843486
845825
848218
849533
850663
853423
853744
858665
866205
867877
870269
870351
870352
873021
880112
881586
885795
887879
888207
890141
893141
893389
894013
898017
900222
904269
904941
907866
909949
910147
910272
911842
912408
914050
917174
917917
918901
920613
922092
924607
925367
926974
927949
933117
936385
936605
937472
939583
945157
946966
951407
951839
956656
960403
963078
968144
969238
969285
970755
972904
973943
974664
977122
978916
984234
988407
988516
989502
990298
990505
992525
994887
996969
997743
999367
999772
999898
1007434
1008588
1010065
1021673
1024754
1028250
1030925
1033826
1034453
1036259
1045705
1045999
1049610
1051642
1053447
1054335
1055890
1056700
1057428
1058750
1059688
1067303
1068647
1070221
1071662
1092923
1094349
1095706
1096360
1102050
1105695
1111914
1113715
1118379
1122016
1124712
1127670
1131920
1136363
1136417
1137058
1137997
1139893
1140534
1155546
1161498
1168875
1176679
1177026
1177054
1178382
1178458
1178726
1181646
1190375
1202722
1204666
1205325
1209545
1212163
1217327
1217646
1228141
1234198
1237653
1240010
1257440
1259050
1262910
1263491
1266567
1267494
1268475
1273596
1274254
1279960
1290194
1292361
1305348
1305822
1318497
1321250
1329397
1340171
1341151
1348330
1354397
1355349
1356778
1368591
1379289
1383673
1384075
1395814
1401555
1410785
1417321
1417400
1421165
1422548
1423299
1428218
1429050
1438329
1438533
1449800
1449866
1455589
1474961
1478728
1481886
1492414
1502150
1503165
1503262
1506960
1510273
1513950
1517662
1517990
1532027
1536068
1543683
1551223
1555022
1558384
1560005
1566682
1573838
1585862
1589514
1598296
1605200
1606563
1607203
1616492
1629560
1629728
1631852
1636042
1638128
1645976
1655849
1660427
1664101
1673495
1673558
1678261
1678965
1685851
1685861
1686319
1688466
1688998
1696008
1698417
1698603
1700192
1701120
1704112
1705121
1706965
1712219
1712329
1717638
1720678
1723133
1732421
1742036
1752402
1763434
1769180
1778796
1780035
1781797
1782176
1783180
1788143
1793318
1795886
1806201
1809884
1813173
1814822
1817986
1822282
1823539
1826856
1831255
1833814
1847217
1850410
1851681
1853052
1866009
1877499
1890505
1897833
1904053
1907070
1908551
1909364
1921010
1921996
1928374
1936978
1938889
1940533
1946204
1948985
1957147
1963405
1974777
1976850
1979936
1979947
1980975
1982643
2001231
2002918
2003680
2012072
2016347
2018545
2018731
2038248
2039669
2041117
2045043
2045465
2046136
2081141
2091748
2103537
2104415
2108080
2110323
2118993
2120866
2122741
2123567
2129777
2156220
2162364
2172378
2172695
2173295
2190991
2200527
2206131
2209462
2212803
2213088
2215416
2222376
2231718
2231830
2233309
2245783
2249360
2249575
2252141
2253642
2258423
2261221
2269399
2271880
2273378
2277450
2279472
2287280
2289459
2298105
2298740
2318642
2321604
2325161
2329860
2336665
2337354
2338784
2352769
2358693
2363409
2380097
2380393
2380704
2396706
2402014
2402033
2402376
2406989
2410234
2411002
2413968
2415553
2417230
2424169
2430357
2434948
2436120
2441521
2447556
2459605
2465627
2467729
2477490
2478598
2480627
2495537
2514475
2562517
2583747
2612794
2615985
2625979
2633667
2655089
2681261
2697304
2727018
2731583
2763451
2769677
2774042
2794703
2815151
2827351
2864295
2872345
2877379
2888006
2894460
2904146
2907486
2917649
2922897
2924002
2941511
2953499
2955547
2971654
2973525
2973666
2977182
2995553
2996056
2999731
3004756
3054853
3056180
3069037
3069677
3070637
3075980
3106444
3116152
3142697
3162270
3167116
3172387
3173700
3191861
3206586
3215067
3225498
3261504
3267529
3270043
3274117
3276812
3297909
3319354
3325899
3329659
3349146
3397134
3406102
3414021
3418152
3418303
3434750
3452243
3464610
3488351
3501147
3501859
3507365
3524194
3524381
3524766
3528209
3541705
3593928
3606916
3607718
3607937
3628115
3634424
3677871
3686361
3689690
3708623
3715646
3717940
3729225
3730964
3735620
3736784
3741372
3743315
3752412
3775581
3831118
3831705
3841971
3856708
3867731
3873637
3966054
3977323
4009259
4025654
4029086
4059023
4080078
4095185
4095460
4095924
4100885
4122592
4126896
4132613
4137095
4157907
4182449
4184636
4207510
4236924
4250553
4253054
4269567
4273140
4275904
4310106
4318686
4334992
4355398
4360909
4370583
4411216
4421511
4427143
4434812
4454007
4499854
4518860
4561898
4576465
4580717
4582654
4599312
4620735
4642616
4666039
4685500
4689264
4692150
4699587
4712146
4730252
4743419
4743708
4765530
4780974
4788542
4814950
4835266
4860524
4863325
4905448
4918223
4927911
4952436
4984440
4994998
4997093
5013777
5027586
5029152
5040455
5042481
5042765
5042916
5042951
5043324
5043544
5043734
5058690
5064609
5068415
5079506
5097395
5098574
5104059
5119376
5121584
5126099
5138167
5161598
5166327
5170253
5171128
5172116
5178882
5235868
5258231
5270003
5299337
5333723
5334607
5352340
5387604
5417956
5422144
5442405
5483754
5488304
5519593
5575722
5579307
5587881
5587977
5590319
5614303
5649246
5671058
5679830
5686965
5709846
5710507
5745228
5769197
5791492
5791530
5792809
5828268
5829200
5843419
5884449
5884870
5897742
5974844
5985739
6037917
6051333
6079336
6097297
6104251
6111413
6117426
6213422
6234352
6274178
6349753
6494756
6526753
6531493
6639133
6668778
6674649
6678597
6710844
6772172
6787314
6814294
6841967
6861559
6937816
6942235
6990716
7007739
7032726
7038717
7103956
7124412
7167848
7224224
7257570
7279897
7286166
7370704
7397019
7412236
7445875
7514833
7515285
7515857
7515928
7515964
7529378
7533616
7613753
7651928
7664801
7689495
7731295
7746616
7802204
7878457
7906552
7944265
7954681
7954867
7962417
7966125
7977772
7980471
7988697
8012445
8028602
8063998
8070005
8136524
8139969
8166242
8206630
8210131
8251817
8252065
8282374
8286675
8286923
8301094
8383223
8416397
8443968
8449731
8473856
8507183
8536948
8569916
8592308
8611899
8612424
8621145
8712750
8719577
8841749
8861328
8965447
8975473
8983183
9007718
9071713
9089855
9096372
9115695
9127632
9132519
9172097
9209651
9272073
9282173
9293603
9311172
9325864
9331428
9387918
9467725
9587421
9722260
9729299
9741575
9776692
9826905
9899396
9919443
9925814
9932154
9940234
9958345
9966036
9988187
10052801
10075141
10175073
10192890
10201450
10229333
10234495
10341394
10368228
10401954
10447140
10490692
10538683
10608845
10634933
10711313
10764950
10772350
10791746
10799117
10858841
10861811
10880966
10900088
10934212
10972664
10992432
11003920
11014498
11015826
11065202
11148662
11178261
11336037
11381444
11388236
11415141
11460800
11558737
11649034
11656021
11659396
11669246
11749910
11792830
11898085
11930108
11963466
11985029
12035371
12054030
12115893
12143913
12178732
12254052
12278369
12330092
12587230
12610483
12641326
12653094
12725656
12762115
12770260
12809129
12960591
13015878
13018310
13111239
13139487
13149599
13177081
13189034
13192003
13225633
13311819
13392949
13425800
13461081
13502823
13519542
13530298
13623554
13640257
13673345
13674692
13690575
13692155
13698725
13698942
13790533
13862640
13947297
13962606
14148802
14240688
14248997
14252702
14303249
14335899
14347391
14546175
14640471
14761570
14834691
14836066
14850094
14887628
14934822
14957568
14995351
15104305
15105978
15110882
15144019
15157915
15179951
15247542
15263017
15368428
15822899
15921243
16020434
16102142
16105186
16115172
16156304
16179920
16296783
16301990
16315657
16396949
16413778
16454230
16462572
16475051
16477368
16505305
16614413
16752434
16777493
16831059
16861908
16888425
16949861
16988558
17058007
17157119
17157886
17158563
17182301
17195609
17239747
17253537
17279743
17306237
17322701
17345999
17349325
17416221
17416342
17491404
17549610
17599355
17685333
17701751
17782843
17932449
17959422
17969165
17986414
18055330
18069142
18085198
18121083
18247421
18256059
18303133
18309966
18337522
18358161
18361733
18383702
18403271
18404191
18413531
18426501
18426568
18457137
18468646
18507525
18564164
18567040
18576029
18580879
18581242
18581264
18589377
18591996
18597893
18603746
18609265
18618239
18619244
18619278
18622193
18624945
18691665
18701436
18712756
18717338
18721790
18723138
18732880
18739286
18745344
18767391
18799581
18834674
18841893
18842088
18842168
18842281
18842308
18842359
18855029
18855594
18868131
18868529
18874155
18904298
18912922
18914017
18933066
18934994
18935732
18935758
18938758
18945847
18947898
18948043
18948365
18949461
18949668
18949797
18950003
18950900
18951412
18951490
18951655
18955875
18955999
18956035
18956166
18960141
18960192
18963870
18973622
18974570
18978563
18978754
18978770
18985040
18985062
18985156
18993857
18993869
18993927
18994037
18994087
18994196
18994221
18994268
18994400
18998720
18998750
18998781
19005769
19006979
19008450
19009006
19009110
19019270
19022679
19082490
19134552
19150105
19159221
19159508
19160892
19165301
19166474
19167553
19167644
19167679
19167764
19174720
19180442
19187131
19196010
19196455
19196523
19202561
19230351
19230848
19242322
19279158
19280644
19280734
19283806
19321330
19328052
19329135
19333662
19334415
19334466
19337173
19337279
19344515
19344654
19360669
19372783
19373997
19382933
19385152
19394613
19394651
19404136
19508643
19515872
19515908
19541494
19568112
19572217
19576874
19593167
19593964
19614149
19620261
19644137
19651298
19673093
19698110
19718874
19723734
19725090
19725260
19792942
19824126
19828134
19851291
19891556
19969891
19985174
20000453
20082093
20102947
20107078
20110668
20110824
20111084
20124563
20198391
20254750
20358797
20395872
20507779
20518076
20550772
20556798
20557129
20603877
20609697
20611504
20611562
20646438
20646803
20646971
20647050
20656228
20770817
20781999
20819040
20890705
20903181
20903424
20903754
20913753
20913771
20913864
20914042
20929688
20952693
21031297
21048400
21068988
21076367
21076839
21098124
21145899
21158533
21160280
21167095
21169538
21179478
21189305
21208200
21244096
21244265
21280496
21281502
21281976
21282020
21282070
21282769
21291954
21296224
21299730
21304364
21306150
21336496
21338090
21347024
21347693
21350772
21377045
21401843
21405519
21424929
21456938
21463614
21466444
21467210
21478754
21487008
21504091
21504235
21514028
21538438
21555729
21576279
21585668
21717008
21780446
21830970
21838352
21883824
21962052
22026933
22036358
22112840
22119011
22188858
22329783
22425760
22433110
22469549
22469831
22499522
22527617
22544414
22570683
22648231
22688021
22754875
22823014
22993473
23004109
23048428
23060030
23121598
23141778
23210314
23306612
23385833
23416874
23430752
23473595
23501895
23508280
23534170
23538713
23572959
23604120
23624190
23658801
23664193
23669161
23680998
23692256
23713433
23797577
23807055
23818959
23916629
23954722
23965624
24057219
24136015
24189482
24203269
24297671
24372462
24408333
24437894
24462937
24462958
24506092
24536042
24551497
24559410
24660866
24705663
24728513
24730311
24873453
24919513
24951685
25033979
25039021
25057845
25143203
25152964
25211885
25241326
25272420
25318118
25395149
25439732
25507494
25571585
25631460
25662822
25664190
25665240
25675557
25778403
25788953
25879157
25955086
25970423
26012019
26051975
26095723
26143597
26145195
26146987
26162030
26301130
26316286
26511011
26513025
26544610
26556255
26561880
26568400
26600080
26636309
26707604
26744396
26820827
26890887
26896036
26964606
26997138
27001620
27024155
27046954
27175407
27278724
27286092
27406894
27471338
27485911
27702280
27814100
27868296
27876656
27987592
28134939
28226381
28329803
28338635
28381827
28413740
28483859
28625065
28691544
28891844
28923831
28952356
29056942
29081638
29139026
29212753
29264375
29286839
29309894
29354201
29365491
29446866
29450657
29454281
29479695
29529665
29647881
29654225
29686197
29697498
29705646
29736794
30076212
30407971
30411478
30428130
30444181
30499979
30725139
30725985
30861636
30864663
30865836
30872303
30874281
30874303
30901174
30973412
31015127
31148191
31164641
31217535
31234796
31474319
31627030
31778241
31871745
31912046
31941988
31979659
32005855
32077484
32177451
32242976
32402094
32492747
32958688
32973011
33094374
33240143
33289263
33488047
33541313
33577594
33610767
33660916
33734529
33874381
34056103
34188093
34201323
34327569
34339066
34413810
34479965
34568264
34851847
34866762
34873332
34931824
35244096
35333788
35334391
35444923
35671030
35773358
35780789
35835321
35857549
35885435
35938460
36035142
36299953
36305177
36305183
36305339
36306243
36306819
36306950
36307162
36307652
36308026
36308326
36308474
36308740
36308860
36308866
36308925
36309540
36309848
36309949
36310336
36310771
36310832
36311239
36311687
36313256
36315098
36315173
36315771
36316034
36317105
36317149
36317331
36317542
36318268
36319142
36319243
36319618
36319671
36320484
36320778
36321621
36322086
36322261
36322821
36322824
36322907
36323185
36324116
36324463
36324525
36324674
36324905
36325088
36325129
36325321
36325402
36325438
36325460
36325462
36325485
36325994
36326141
36327132
36327806
36328424
36328428
36328506
36330281
36330885
36330947
36331342
36332370
36332653
36332752
36332944
36332963
36332964
36332966
36333494
36334257
36334641
36334644
36336380
36336395
36336431
36336749
36337680
36337756
36338384
36339462
36340020
36340034
36344057
36344576
36346044
36347071
36348879
36350469
36351946
36352007
36352419
36352436
36353341
36353795
36353970
36355212
36355302
36355797
36355914
36356034
36356062
36357336
36357569
36357948
36359529
36359643
36359955
36360415
36360530
36360540
36360576
36360687
36361976
36361997
36362381
36362404
36362762
36363737
36364403
36364508
36364649
36364976
36366723
36366920
36367450
36368164
36368442
36368759
36369454
36371261
36372076
36372222
36372559
36372634
36373011
36375525
36375839
36376518
36377554
36377692
36379843
36380517
36381141
36381645
36385226
36388479
36388991
36389386
36389706
36389713
36390411
36391051
36392611
36392649
36393467
36394212
36395179
36395868
36396489
36396945
36397360
36398950
36398951
36399177
36399412
36399927
36399937
36400190
36400669
36401022
36401545
36401623
36402497
36402513
36403973
36404510
36405259
36405987
36406154
36406406
36406647
36406861
36409347
36410028
36410356
36414028
36414461
36415241
36417350
36417472
36418733
36419715
36423897
36424835
36424838
36425152
36425756
36427636
36428179
36431031
36431081
36431170
36432287
36433040
36433550
36434935
36436416
36436663
36436783
36436915
36438294
36439053
36439553
36441364
36441473
36441547
36442607
36449175
36449650
36450653
36451637
36455355
36457676
36459575
36460164
36461741
36462159
36462989
36464286
36464991
36465910
36466305
36467778
36468103
36469237
36470001
36470859
36471431
36471618
36475468
36476748
36476827
36477068
36477331
36477695
36477998
36479256
36479257
36479662
36481034
36481619
36482148
36482590
36483889
36484013
36484299
36484577
36484615
36484879
36485474
36485522
36486216
36486674
36487022
36487209
36487430
36487467
36488644
36490621
36490685
36490956
36492164
36492512
36493578
36495813
36495820
36496776
36497900
36499221
36499451
36499499
36499525
36499956
36499993
36500676
36500795
36502560
36503007
36506377
36507102
36507289
36507842
36508217
36508979
36509121
36513721
36520590
36521035
36522066
36522446
36525659
36526025
36526216
36526245
36528218
36528644
36529053
36529282
36531037
36532144
36533463
36533853
36535370
36536462
36536493
36537549
36537798
36538344
36538734
36539318
36540051
36545374
36547042
36548572
36548996
36555211
36555475
36560769
36561022
36561176
36562343
36563360
36567564
36569157
36569861
36570264
36574110
36574394
36576431
36578309
36579264
36579794
36582688
36583133
36583876
36586074
36586705
36587617
36590642
36591215
36594175
36603140
36603252
36608174
36610248
36612308
36618499
36620345
36623303
36627158
36627892
36632535
36634624
36634926
36636111
36644416
36647073
36650544
36652842
36661021
36665500
36666848
36673611
36673628
36677634
36679363
36681290
36682113
36683264
36688116
36689240
36694453
36697114
36702530
36703230
36703309
36715296
36719156
36720676
36728177
36731115
36739196
36743817
36744708
36746959
36755612
36756127
36771997
36788977
36791168
36793412
36797119
36803705
36805468
36812469
36826764
36828933
36834276
36844210
36849547
36856185
36858999
36866538
36868478
36891137
36894943
36919138
36919203
36919807
36925413
36929784
36933073
36938985
36955653
36967629
36970433
36978296
36983584
36983585
36987843
37001380
37016098
37043025
37050743
37085045
37119862
37175834
37177289
37339069
37347490
37362587
37367380
37385982
37536577
37595406
37735758
37855093
39554164
