752
856
1140
2861
4431
5405
8221
9228
9239
9252
9317
9738
10635
10646
12229
13443
14533
14539
17547
18110
18393
18839
19541
19641
20171
22986
23604
23627
24113
25042
25080
28151
28830
29678
29816
29831
29920
30012
31600
31717
31769
32047
32070
32441
33139
33183
33583
33645
36517
37080
38714
39206
42295
43854
43975
47088
47353
47921
51490
56522
61164
62028
77697
80381
83430
90138
102226
108956
128987
161999
171001
207567
212818
219599
226675
236918
259082
261925
288379
314993
366439
454746
507970
528282
534366
580039
604727
645042
682482
1092923
1383673
1410785
1449800
2018731
2123567
2424169
2815151
3070637
3434750
3524766
4269567
5042765
5042916
5098574
5299337
5417956
5575722
5587977
5897742
6639133
7529378
8841749
8983183
9282173
9988187
10401954
11178261
11649034
12610483
12770260
13673345
14148802
15157915
15822899
17058007
18717338
18842088
18935732
18949668
19360669
19644137
20781999
21555729
21838352
22469831
22754875
23818959
25778403
25970423
26511011
28134939
30407971
36308326
36476827
36477331
36484299
